
Exercise 1
[1 2 3 4]

Exercise 2
[[0. 0. 0. 0. 0. 0. 0.]
 [0. 0. 0. 0. 0. 0. 0.]]

Exercise 3
[ 1.   3.5  6.   8.5 11.  13.5 16.  18.5 21. ]

Exercise 4
40

Exercise 6
[[8.7613301  8.53542564 8.7416552  8.7669948 ]
 [9.60300706 9.18708078 9.60451756 9.68074248]
 [8.89428911 8.68032708 8.98022731 8.99599878]
 [9.29859706 9.01401493 9.180809   9.09121143]]

Exercise 7
Smallest: 0.02541912674409519
Largest: 0.907566473926093
Concatenation F2+F2:
[[0.4937956  0.52273283 0.42754102 0.02541913 0.10789143]
 [0.03142919 0.63641041 0.31435598 0.50857069 0.90756647]
 [0.4937956  0.52273283 0.42754102 0.02541913 0.10789143]
 [0.03142919 0.63641041 0.31435598 0.50857069 0.90756647]]

Exercise 8
Initial Array (A1):
[0 1 2 3 4 5 6 7 8 9]
Even elements of A1:
[0 2 4 6 8]
First four elements of A1:
[0 1 2 3]
Last 3 elements of A1:
[7 8 9]
Elements 4-8 of A1:
[4 5 6 7]
Initial Array (M1):
[[37. 95. 73. 60. 16. 16.  6.]
 [87. 60. 71.  2. 97. 83. 21.]
 [18. 18. 30. 52. 43. 29. 61.]
 [14. 29. 37. 46. 79. 20. 51.]
 [59.  5. 61. 17.  7. 95. 97.]
 [81. 30. 10. 68. 44. 12. 50.]
 [ 3. 91. 26. 66. 31. 52. 55.]
 [18. 97. 78. 94. 89. 60. 92.]
 [ 9. 20.  5. 33. 39. 27. 83.]]
First and Last Row of M1:
[[ 9. 20.  5. 33. 39. 27. 83.]
 [37. 95. 73. 60. 16. 16.  6.]]
Elements of M1 <10:
[6. 2. 5. 7. 3. 9. 5.]
Even Rows of M1:
[[37. 95. 73. 60. 16. 16.  6.]
 [18. 18. 30. 52. 43. 29. 61.]
 [59.  5. 61. 17.  7. 95. 97.]
 [ 3. 91. 26. 66. 31. 52. 55.]
 [ 9. 20.  5. 33. 39. 27. 83.]]
Odd Columns of M1:
[[95. 60. 16.]
 [60.  2. 83.]
 [18. 52. 29.]
 [29. 46. 20.]
 [ 5. 17. 95.]
 [30. 68. 12.]
 [91. 66. 52.]
 [97. 94. 60.]
 [20. 33. 27.]]
Even Rows Odd Columns of M1:
[[95. 60. 16.]
 [18. 52. 29.]
 [ 5. 17. 95.]
 [91. 66. 52.]
 [20. 33. 27.]]
Even Indice Pairings of M1:
[37. 73. 16.  6. 60.  2. 83. 18. 30. 43. 61. 29. 46. 20. 59. 61.  7. 97.
 30. 68. 12.  3. 26. 31. 55. 97. 94. 60.  9.  5. 39. 83.]